0111000
00110001
10110001
10111000
00000000
00000000
00000000
00000000

00110000
00110000
00110000
00111111
00000000
00000000
00000000
00000000

00111110
00111000
00111100
00111111
10000000
00000000
00000000
00000000

00111111
00110000
00110000
00111110
00000000
00000000
00000000
00000000

00111000
00110110
00111111
10110000
00000000
00000000
00000000
00000000

00111111
00111111
00110000
00111110
00000000
00000000
00000000
00000000

00111100
00110000
00110001
10111110
00000000
00000000
00000000
00000000

00111111
10110000
00110000
00110000
00000000
00000000
00000000
00000000

00111110
00110001
10110001
10111110
00000000
00000000
00000000
00000000

00111110
00110001
10110000
00111100
00000000
00000000
00000000
00000000

00111000
00110001
10111111
10110001
10000000
00000000
00000000
00000000

00111111
00110001
10110001
10111111
00000000
00000000
00000000
00000000

00111100
00110000
00110000
00111100
00000000
00000000
00000000
00000000

00111110
00110001
10110001
10111110
00000000
00000000
00000000
00000000

00111111
10110000
00110000
00111111
10000000
00000000
00000000
00000000

00111111
10110000
00110000
00110000
00000000
00000000
00000000
00000000

00111110
00110000
00110001
10111110
00000000
00000000
00000000
00000000

00110001
10110001
10110001
10110001
10000000
00000000
00000000
00000000

00111111
00110000
00110000
00111111
00000000
00000000
00000000
00000000

00111100
00110000
00110001
10111110
00000000
00000000
00000000
00000000

00110001
10110110
00111110
00110011
10000000
00000000
00000000
00000000

00110000
00110000
00110000
00111111
00000000
00000000
00000000
00000000

00110001
10111111
10110101
10110001
10000000
00000000
00000000
00000000

00110001
10111101
10110111
10110001
10000000
00000000
00000000
00000000

00111110
00110001
10110001
10111110
00000000
00000000
00000000
00000000

00111111
00110001
10111111
00110000
00000000
00000000
00000000
00000000

00111110
00110001
10110111
10111101
00000000
00000000
00000000
00000000

00111111
00110001
10111110
00110011
10000000
00000000
00000000
00000000

00111100
00110000
00110000
00111110
00000000
00000000
00000000
00000000

00111111
00110000
00110000
00110000
00000000
00000000
00000000
00000000

00110001
10110001
10110001
10111110
00000000
00000000
00000000
00000000

00110001
10110001
10111110
00100000
00000000
00000000
00000000
00000000

00110001
10110101
10111111
10110001
10000000
00000000
00000000
00000000

00110001
10111110
00111110
00110001
10000000
00000000
00000000
00000000

00110011
00110011
00110000
00110000
00000000
00000000
00000000
00000000

00111111
10111000
00111000
00111111
10000000
00000000
00000000
00000000

00000000
00000000
00000000
00000000
00000000
00000000
00000000
00000000

00111111
11111111
11111111
11111111
11000000
00000000
00000000
00000000

00000000
00000000
00000000
00000000
00111111
11111111
11111111
11111111

11111111
11111111
11111111
11111111
11111111
11111111
11111111
11111111

11000000
00000000
00111111
00000000
00000000
00000000
00000000
00000000

00000000
00100010
00100000
00100010
00000000
00000000
00000000
00000000

00111111
11111111
11111111
11111111
11111111
10111111
10111111
10111111

10110000
00111100
00110000
00000000
00000000
00000000
00000000
00000000

00111111
11111111
10111111
10111000
11111111
11100000
00100000
00111000

00100000
00100000
00111000
11111111
11111111
10111111
10111000
00000000

00111000
00111110
00111110
00111000
00100000
00100000
00100000
00100000

00110000
00110000
00100000
00100000
00110000
00101100
00111100
00111000

00100000
00100000
00100000
00100000
00100000
00111000
00111110
00111111

10000000
00000000
00000000
00111000
00000000
00000000
00000000
00111111

00000000
00000000
00000000
00111000
00000000
00000000
00000000
00111111

00100000
00100000
00100000
00100000
00100000
00111000
00111110
00111111

10100000
00111000
00110111
00110000
00111111
11111111
11111111
11111111

11111000
00111110
00111111
10111111
11111000
00100000
00110000
00100000

00110000
00111110
00111111
00111100
10110000
00110000
00100000
00100011

00110000
00111100
00111111
10110111
11110000
00100000
00101000
00100001

00100100
00111110
00111111
11111111
11100100
00100100
00101000
00100000

00111011
00111000
00111000
00000000
00100100
00100100
00111000
00000000

00111111
11111000
00111100
11111111
00000000
00111000
11110000
00110001

00101111
11111101
00110001
11111111
11100000
00110000
10111000
00110000

11111111
00111111
11111111
10110000
00100000
00100000
00110000
00110000

00110000
00100000
00100000
00100000
00110000
00111100
00111100
00111000

00000000
00000000
00111111
00111000
00000000
00000000
00000000
00111000

00100010
00100010
00100000
00100000
00111111
10111111
10111000
00000000

00111111
10111111
10111111
10111111
10111111
11111111
11111111
11111111

11100000
00100100
00110000
00101000
01000000
00110000
00111111
00101111

00111111
11111111
11111111
10111111
10100000
01100000
01100000
01100000

01111111
11111111
11111111
11111111
11100000
00100000
00100000
00100000

00111111
10100000
00100111
00100000
00000000
00111111
10110011
10111111

10111111
11100000
00100000
00100000
00000000
00111111
11111111
11111111

11100000
00100000
00100000
00100000
00111111
10111111
10111111
10111111

10100000
00100000
00100000
00100000
00111111
11111111
11111111
11111111

11111111
11000000
00000000
00000000
00000000
00111111
11111111
11111111

11111111
10100000
00111010
00100000
00000000
00111111
11111001
11111111

11100000
00100000
00100000
00100000
00111111
11111111
11111111
11111111

11111111
00111111
10111111
11111111
11111111
00100000
00100000
00100000

00111111
11111111
11111111
11111111
00100000
00100000
00100000
00100001

00111111
11111111
11111111
11111111
11111111
11000000
00000000
00000000

00111111
11111111
11111111
11111111
10000000
00000000
00000000
00100000

10111111
11111111
11111111
11111111
10000000
00000000
00000000
00100000

11111110
00111111
10111111
11111111
11111110
00100000
00100000
00100000

00111111
11111111
11111111
11111111
00100000
00100000
00100000
00100001

00000000
00100000
00100000
00100000
00111111
11111111
11111111
11111111

11000000
00111111
10111001
10111001
10111111
10101000
00100011
11100011

10000000
00111111
11100111
11100111
11111111
10101000
00111000
01111000

10111111
00111111
10111111
00111111
10100000
01100000
00100000
01100000

00111111
10111111
11111111
10111111
11111100
01110000
01110000
01100000

00111111
10101000
00100000
00100000
00111111
10111111
11111111
11111111

11111111
10101000
00100000
00100000
00111111
10111111
11111111
11111111

11100000
00100000
00100000
00100000
00111111
11111111
11111111
11111111

11100000
00100000
00100000
00100000
00111111
11111111
11111111
11111111

11000000
00000000
00111111
00111000
00000000
00000000
00000000
00111000

00100010
00100010
00100000
00100000
00111111
10111111
10111000
00000000

00111011
11101000
00101000
00111011
11100000
00111001
11111001
11111011

11111111
10100000
10100000
10111111
10100000
00111111
00111111
00111111

10100000
00100000
00100111
00100000
00111111
10111111
10110011
10111111

10111111
11100000
11111100
11111100
11111111
11111111
00100011
00100011

00111111
11111100
00111101
10111101
10111111
11111100
00100100
00100100

00111111
11000000
00000000
00000000
00111111
11111111
11111111
11111111

11111111
11100000
00101111
00101111
00111111
11111111
11110100
01110100

01111100
11111100
11111100
11111111
11100011
00100011
00100011
00111111

11111101
10111101
10111101
10111111
11100100
00100100
00100100
00111111

11000000
00000000
00000000
00111111
11111111
11111111
11111111
11111111

11101111
00101111
00101111
00111111
11110100
01110100
01110100
01111111

11111100
00111100
00111100
00111100
00100011
00100011
00100011
00100011

00111110
11111110
11111110
11111110
11100000
00100000
00100000
00100000

00101111
00101111
00101111
00101111
00100010
00100010
00100010
00100010

00111110
00100000
00100000
00100000
00111110
00111111
10111111
11111111

11111111
11100000
00111111
11111111
10111111
11111111
10000000
00100000

00111111
11111111
10111111
11110000
00111111
11100000
00000000
00111111

00111111
11000000
00000000
00110000
11111111
11111111
11111111
11111100

00111110
00111111
10111000
11100000
01111110
00100000
00111010
00111111

10100000
11111111
11111111
11111111
10111111
00100000
00100000
00110000

00111111
00111111
00111111
10111111
11110000
00110000
00100000
00000000

00100000
00100000
00110000
00111000
00111111
10111111
10111111
00111110

00111111
11111111
11111111
11111111
11000000
00000000
00000000
00000000

00100000
01111000
11111111
11111111
11111111
10111010
00100000
00110000

00111111
11111111
11111111
11101101
01100000
00100000
00100000
00110010

10111111
11111111
11111111
11101011
01100000
00100000
00100000
00101001

10111011
10111011
10111011
10111011
10000000
00000000
00111011
10111111

11000000
00000000
00000000
00000000
00111111
11111111
11111111
11111111

11111011
10111011
10000000
00000000
00111111
11111111
11111011
10111011

10100000
00100000
00111010
00100000
00111111
11111111
11111001
11111111

11100000
00111111
10111111
10111111
10000000
00100001
00100000
10100000

10100000
00111110
10111111
01111111
01000000
00100000
00100000
00100000

00111111
00100001
00100000
00100000
00100001
00100000
00100000
00100000

00111110
10100001
00100000
00100000
00100000
00100000
00100000
00100000

00100000
00000000
00000000
00100000
00100000
00110000
00110000
00100000

00101100
00111011
00111110
11101100
00100000
00110001
00111101
00100000

00100100
00111110
00111110
00100000
00111000
00111100
00111111
11111100

00111111
00111001
11101100
00101000
00110000
00110000
00111001
11111011

11101100
00111000
10110000
01100011
11110111
10101110
10111111
00111111

10111111
10111100
00111000
00100000
00110000
00111100
01110011
11111111

11111111
00111010
00111101
10100001
10111111
01111110
11111101
11111111

10111111
11111111
11111111
11100000
00111111
11100000
00100000
00111111

11111111
10111111
11111111
11110000
00111111
10110000
00110000
00111111

11000000
00111111
11111111
11000000
00000000
00000000
00000000
00111111

11111100
00111111
00111111
00100000
00100011
00101100
00101100
00111111

11111111
11111111
11100000
00111111
11100000
00100000
00111111
11100000

00111111
11111111
11110000
00111111
11110000
00110000
00111111
11110000

00111111
11111111
11111111
11111111
11000000
00000000
00000000
00000000

00111111
00111111
10111111
10111111
10111000
00110000
00110000
00110000

00111111
11100000
00100000
00100000
00100000
00111111
11111111
11111111

11111111
11110000
00110000
00110000
00110000
00111111
11111111
11111111

11100000
00100000
00100000
00100000
00111111
11111111
11111111
11111111

11100000
00101010
10101010
10111111
11111111
11110101
01110101
01100000

00110000
00101010
11101010
11111111
11111111
11101011
10101011
10110000

00000000
00101010
10111111
11111111
11111111
11101010
10000000
00111111

11100000
00101011
00111111
00111111
00111111
11101011
10101100
00111100

11111111
00111111
00000000
00000000
00111111
11111111
11111111
11111111

11111111
00111110
00000000
00000000
00111111
11111111
11111111
11111111

11111110
00111100
00000000
00000000
00111111
11111111
11111111
11111111

11111111
10111111
00000000
00000000
00111111
11111111
11111111
11111111

11000000
00000000
00111111
11000000
00000000
00000000
00000000
00000000

00110000
00110000
00110000
00110000
00000000
00000000
00000000
00000000

00111000
00111111
00111111
10111111
11111111
11111111
11111111
11111111

11111000
01111111
01111111
10111111
11111111
11111111
11111111
11111111

11111100
00100000
00100000
00100000
00000000
00111000
00111000
00111000

00111110
00100000
00100000
00100000
00000000
00111100
00111100
00111100

00100100
10100100
10111111
10000000
00100100
00110110
00000000
00111111

10101000
00111010
00111110
11101100
00101000
00110001
01111101
00100000

00100100
00100111
11100111
11100100
00111000
00111000
00111111
10111000

00100000
00100000
00100000
00100000
00000000
00000000
00000000
00000000

00100000
00100000
00100000
00100000
00000000
00000000
00000000
00000000

00100000
00100100
01101001
10111001
10111111
11111111
11111111
11101111

10000000
00111000
00110000
00110110
00000000
00000000
00110000
00100000

00000000
00111000
00111100
00111110
00000000
00110000
00110000
00100110

00110110
00110110
00110110
00111100
00100000
00100000
00100000
00000000

00111110
00111110
00111110
00111100
00100110
00100110
00100110
00110000

00111100
01100010
00100000
00100000
00111100
00111011
11111011
11111011

11111110
00100000
00100000
00100000
00111000
00111011
11111011
11111011

11111111
10110111
11111100
00111100
00100000
00100000
00111100
00111100

00111100
00111100
00111111
11111111
11111100
00111100
00111110
00111111

10111111
11111111
11111100
00111100
00100000
00111000
00111111
11111111

11111100
00111100
00111101
11111111
01111111
11111111
11111111
11111111

11000000
00000000
00000000
00110000
00000000
00000000
00000000
00000000

00111110
00111111
10111111
10111111
11111110
00100000
00100000
00100000

10111111
11111111
11111111
10111111
00100000
10101000
00100001
10100001

00111110
00111111
10111111
10111111
11111110
00100000
00100000
00100000

10111111
11111111
11111111
10111111
00100000
10101000
00110000
10100001

00111111
10100000
00100000
00100000
00100000
00111111
10111111
10111111

10110111
10110000
10111000
10111111
10110000
10110111
11110111
11110000

01100000
00110000
00101111
11100000
01111111
10111111
11100111
10111111

10110000
10110000
01100000
01100000
11110111
11101111
11111111
10111111

10000000
00110000
00111110
00111111
10000000
00110000
00100000
00100000

00000000
00110000
00111110
00111111
10000000
00110000
00100000
00100000

00111111
11111111
11111111
11111111
11100000
00100000
00100000
00100000

00111111
11111111
11111111
11111111
11100000
00100000
00100000
00100000

00111111
10111111
10111111
00111100
00100000
00100000
00110000
00111100

00111111
10111111
10111111
00111100
00100000
00100000
00110000
00111100

00111100
00111100
00111100
00111000
00100000
00100000
00100000
00101000

00111100
00111100
00111100
00111000
00100000
00101000
00101000
00101000

00100000
01101000
11100111
01100000
01000000
00100010
00111000
00000000

00111000
11110000
01110000
01111101
11111000
11111110
00111110
00101000

00000000
00111000
00110000
00110110
00111111
11111110
00111100
00111000

00000000
00111000
00111100
00111110
00111111
11111111
10111111
00100111

11110110
00110110
00110110
00111100
00111000
00111000
00111000
00111100

00111110
00111110
00111110
00111100
00100111
11100111
11100111
11111111

00111000
00111111
11111111
11111111
11000000
00111110
00111000
00111111

10111000
00111111
11111111
11111111
11000000
00111110
00110000
00111110

11111111
11111111
11111111
11111111
11111110
00111011
00111010
10101110

00111111
11111011
11101011
11111011
11111011
00111101
10111110
11111110

00111110
00111111
00111000
00111001
11111100
00111110
00111111
00111100

00111100
00111110
00110000
00111001
00111110
00111111
00111111
10111100

00111010
01111010
01111000
10111100
00111011
00111011
00111110
10111111

10100101
10100101
10100011
00111000
00110111
10110111
10101111
11111111

11000000
00000000
00000000
00111111
00111100
00111111
00111111
11100001

00111100
00100110
01101000
01100001
00000000
00000000
00000000
00000000

00111100
00111110
00111111
00111111
10111100
00111000
00110000
00100000

00111100
00111110
00111111
00111111
10111100
00111000
00110000
00100000

00111111
10111111
00111111
00111110
00100000
00110000
00111000
00111111

10111111
10111111
11111111
00111111
10111111
11111110
00110000
00100000

00111111
10111111
10111111
00111111
00100000
00100000
00110000
00111000

00111111
10111111
11111111
11111111
11100000
00100000
00110000
00111000

00111110
00111100
00000000
00000000
00111111
11111111
11111111
11111111

11111111
10111111
00000000
00000000
00111111
11111111
11111111
11111111

11111111
00111111
00111111
10111111
10100000
01100000
01100000
01100000

01111111
11111111
11111111
11111111
11100000
00100000
00110000
00111000

00111111
10111111
10111111
11111111
11100000
00100000
00100000
00100000

00111111
10111111
10111111
10111111
10100000
01100000
01100000
01100000

01111111
11111111
11111111
00111111
10111111
11110000
00110000
00110000

00111111
11111111
11000000
00000000
00111111
11111111
11111111
11111111

11111111
10111111
10111111
10111111
10100000
00100000
00100000
00100000

00111111
11111111
11111111
11111111
11100000
00100000
00111000
00100000

00111111
00111111
10111111
10111111
10100000
01100000
01100000
01100000

01111111
00111111
00000000
00000000
00111111
11111111
11111111
11111111

11111111
00111110
00000000
00000000
00111111
11111111
11111111
11111111

11111111
10111111
11111111
10111111
10100000
01100000
01100000
01100000

01111111
10111111
00111111
00111110
00100000
00110000
00111000
00111111

10111111
00111111
11111111
00111111
10111111
11111110
00110000
00100000

00111111
10111111
00111111
10111111
10100000
01100000
01100000
01100000

01111111
00111111
00111111
10111111
10100000
01100000
01100000
01100000

01100000
01110000
11111001
11111111
11111111
00111100
00110000
00000000

00111100
00101101
10110001
00111100
00111100
10111111
10111111
11111101

11110000
01110001
10111111
00111000
00101111
11101111
01111101
10111100

11100000
00100010
00111001
10110000
00111111
11111111
11101100
10101111

11100000
00101010
00100000
00101010
00100000
00101010
00100001
00101010

00100000
00100000
00100000
00101010
00100000
00100000
00100000
00110010

01100000
00110010
01100000
00101000
00110100
01110110
00110100
01110110

10110100
01110001
10110100
10110110
11110110
11110110
11110110
11100000

00101000
00110101
01110110
01111000
10110110
10111000
00110000
00110101

10110101
10111000
01110101
10111000
01100001
00101000
00111010
00110100

00110111
10110110
00110100
01110111
10110111
10110100
00110100
00100110

00100011
00110110
11100001
00100001
00100001
00110110
11100110
00100001

00100001
00100001
00100001
00100001
00100011
00100001
00111000
00110110

11110110
11110110
11110110
11110110
11111001
00100110
00100001
10110110

11110110
11100001
10111000
00110110
11100110
00111000
11111000
00110110

11111000
11100001
00101000
00110110
11110110
11110110
11110110
11110110

01110110
11110110
11110101
00110101
00111001
11110001
01101111
10100101

01100101
01100101
01100101
01100110
00100101
01100101
01100101
11100101

11100101
01100001
00111000
00100000
00100000
00100100
00100100
00111010

00101110
00110000
00100101
10100000
00110010
00101000
00111000
00100100

00101000
00111000
00100010
11100000
00110010
00101000
00111000
00100100

00101000
00111000
00111011
00111010
00110010
00100010
00100000
00100011

00101011
00100011
00100000
00101010
10101010
10111010
10100110
01101010

10000000
00111111
11111111
11111111
11111111
11111111
11111111
11111111

1